  1.   0.   0.   0.   0.   0.   0.   0.   0.   0.   0.   0.   0.   0.   1.
   0.   0.   0.   0.   0.   0.   0.   0.   0.   0.   0.   0.  24.
  1.   0.   0.   0.   0.   0.   0.   0.   0.   0.   0.   0.   0.   0.   0.
   1.   0.   0.   0.   0.   0.   0.   0.   0.   0.   0.   0.  26.
  1.   0.   0.   0.   0.   0.   0.   0.   0.   0.   0.   0.   0.   0.   0.
   0.   1.   0.   0.   0.   0.   0.   0.   0.   0.   0.   0.  28.
  1.   0.   0.   0.   0.   0.   0.   0.   0.   0.   0.   0.   0.   0.   0.
   0.   0.   1.   0.   0.   0.   0.   0.   0.   0.   0.   0.  30.
  1.   0.   0.   0.   0.   0.   0.   0.   0.   0.   0.   0.   0.   0.   0.
   0.   0.   0.   1.   0.   0.   0.   0.   0.   0.   0.   0.  32.
  1.   0.   0.   0.   0.   0.   0.   0.   0.   0.   0.   0.   0.   0.   0.
   0.   0.   0.   0.   1.   0.   0.   0.   0.   0.   0.   0.  34.
  1.   0.   0.   0.   0.   0.   0.   0.   0.   0.   0.   0.   0.   0.   0.
   0.   0.   0.   0.   0.   1.   0.   0.   0.   0.   0.   0.  36.
  1.   0.   0.   0.   0.   0.   0.   0.   0.   0.   0.   0.   0.   0.   0.
   0.   0.   0.   0.   0.   0.   1.   0.   0.   0.   0.   0.  38.
  1.   0.   0.   0.   0.   0.   0.   0.   0.   0.   0.   0.   0.   0.   0.
   0.   0.   0.   0.   0.   0.   0.   1.   0.   0.   0.   0.  40.
  1.   0.   0.   0.   0.   0.   0.   0.   0.   0.   0.   0.   0.   0.   0.
   0.   0.   0.   0.   0.   0.   0.   0.   1.   0.   0.   0.  42.
  1.   0.   0.   0.   0.   0.   0.   0.   0.   0.   0.   0.   0.   0.   0.
   0.   0.   0.   0.   0.   0.   0.   0.   0.   1.   0.   0.  44.
  1.   0.   0.   0.   0.   0.   0.   0.   0.   0.   0.   0.   0.   0.   0.
   0.   0.   0.   0.   0.   0.   0.   0.   0.   0.   1.   0.  46.
  1.   0.   0.   0.   0.   0.   0.   0.   0.   0.   0.   0.   0.   0.   0.
   0.   0.   0.   0.   0.   0.   0.   0.   0.   0.   0.   1.  48.
  0.   1.   0.   1.   0.   0.   0.   0.   0.   0.   0.   0.   0.   0.   0.
   0.   0.   0.   0.   0.   0.   0.   0.   0.   0.   0.   0.  48.
  0.   1.   0.   0.   1.   0.   0.   0.   0.   0.   0.   0.   0.   0.   0.
   0.   0.   0.   0.   0.   0.   0.   0.   0.   0.   0.   0.  46.
  0.   1.   0.   0.   0.   1.   0.   0.   0.   0.   0.   0.   0.   0.   0.
   0.   0.   0.   0.   0.   0.   0.   0.   0.   0.   0.   0.  44.
  0.   1.   0.   0.   0.   0.   1.   0.   0.   0.   0.   0.   0.   0.   0.
   0.   0.   0.   0.   0.   0.   0.   0.   0.   0.   0.   0.  42.
  0.   1.   0.   0.   0.   0.   0.   1.   0.   0.   0.   0.   0.   0.   0.
   0.   0.   0.   0.   0.   0.   0.   0.   0.   0.   0.   0.  40.
  0.   1.   0.   0.   0.   0.   0.   0.   1.   0.   0.   0.   0.   0.   0.
   0.   0.   0.   0.   0.   0.   0.   0.   0.   0.   0.   0.  38.
  0.   1.   0.   0.   0.   0.   0.   0.   0.   1.   0.   0.   0.   0.   0.
   0.   0.   0.   0.   0.   0.   0.   0.   0.   0.   0.   0.  36.
  0.   1.   0.   0.   0.   0.   0.   0.   0.   0.   1.   0.   0.   0.   0.
   0.   0.   0.   0.   0.   0.   0.   0.   0.   0.   0.   0.  34.
  0.   1.   0.   0.   0.   0.   0.   0.   0.   0.   0.   1.   0.   0.   0.
   0.   0.   0.   0.   0.   0.   0.   0.   0.   0.   0.   0.  32.
  0.   1.   0.   0.   0.   0.   0.   0.   0.   0.   0.   0.   1.   0.   0.
   0.   0.   0.   0.   0.   0.   0.   0.   0.   0.   0.   0.  30.
  0.   1.   0.   0.   0.   0.   0.   0.   0.   0.   0.   0.   0.   1.   0.
   0.   0.   0.   0.   0.   0.   0.   0.   0.   0.   0.   0.  28.
  0.   1.   0.   0.   0.   0.   0.   0.   0.   0.   0.   0.   0.   0.   1.
   0.   0.   0.   0.   0.   0.   0.   0.   0.   0.   0.   0.  26.
  0.   1.   0.   0.   0.   0.   0.   0.   0.   0.   0.   0.   0.   0.   0.
   1.   0.   0.   0.   0.   0.   0.   0.   0.   0.   0.   0.  24.
  0.   1.   0.   0.   0.   0.   0.   0.   0.   0.   0.   0.   0.   0.   0.
   0.   1.   0.   0.   0.   0.   0.   0.   0.   0.   0.   0.  22.
  0.   1.   0.   0.   0.   0.   0.   0.   0.   0.   0.   0.   0.   0.   0.
   0.   0.   1.   0.   0.   0.   0.   0.   0.   0.   0.   0.  20.
  0.   0.   1.   1.   0.   0.   0.   0.   0.   0.   0.   0.   0.   0.   0.
   0.   0.   0.   0.   0.   0.   0.   0.   0.   0.   0.   0.  23.
  0.   0.   1.   0.   1.   0.   0.   0.   0.   0.   0.   0.   0.   0.   0.
   0.   0.   0.   0.   0.   0.   0.   0.   0.   0.   0.   0.  21.
  0.   0.   1.   0.   0.   1.   0.   0.   0.   0.   0.   0.   0.   0.   0.
   0.   0.   0.   0.   0.   0.   0.   0.   0.   0.   0.   0.  19.
  0.   0.   1.   0.   0.   0.   1.   0.   0.   0.   0.   0.   0.   0.   0.
   0.   0.   0.   0.   0.   0.   0.   0.   0.   0.   0.   0.  17.
  0.   0.   1.   0.   0.   0.   0.   1.   0.   0.   0.   0.   0.   0.   0.
   0.   0.   0.   0.   0.   0.   0.   0.   0.   0.   0.   0.  15.
  0.   0.   1.   0.   0.   0.   0.   0.   1.   0.   0.   0.   0.   0.   0.
   0.   0.   0.   0.   0.   0.   0.   0.   0.   0.   0.   0.  13.
  0.   0.   1.   0.   0.   0.   0.   0.   0.   1.   0.   0.   0.   0.   0.
   0.   0.   0.   0.   0.   0.   0.   0.   0.   0.   0.   0.  11.
  0.   0.   1.   0.   0.   0.   0.   0.   0.   0.   0.   0.   0.   0.   0.
   0.   0.   0.   0.   0.   0.   1.   0.   0.   0.   0.   0.  13.
  0.   0.   1.   0.   0.   0.   0.   0.   0.   0.   0.   0.   0.   0.   0.
   0.   0.   0.   0.   0.   0.   0.   1.   0.   0.   0.   0.  15.
  0.   0.   1.   0.   0.   0.   0.   0.   0.   0.   0.   0.   0.   0.   0.
   0.   0.   0.   0.   0.   0.   0.   0.   1.   0.   0.   0.  17.
  0.   0.   1.   0.   0.   0.   0.   0.   0.   0.   0.   0.   0.   0.   0.
   0.   0.   0.   0.   0.   0.   0.   0.   0.   1.   0.   0.  19.
  0.   0.   1.   0.   0.   0.   0.   0.   0.   0.   0.   0.   0.   0.   0.
   0.   0.   0.   0.   0.   0.   0.   0.   0.   0.   1.   0.  21.
  0.   0.   1.   0.   0.   0.   0.   0.   0.   0.   0.   0.   0.   0.   0.
   0.   0.   0.   0.   0.   0.   0.   0.   0.   0.   0.   1.  23.
 0.15 -0.15  0.    0.    0.    0.    0.    0.    0.    0.    0.    0.    0.
  0.    0.    0.    0.    0.    0.    0.    0.    0.    0.    0.    0.    0.
  0.    0.  
 0.    0.15 -0.15  0.    0.    0.    0.    0.    0.    0.    0.    0.    0.
  0.    0.    0.    0.    0.    0.    0.    0.    0.    0.    0.    0.    0.
  0.    0.  
 0.    0.    0.15 -0.15  0.    0.    0.    0.    0.    0.    0.    0.    0.
  0.    0.    0.    0.    0.    0.    0.    0.    0.    0.    0.    0.    0.
  0.    0.  
 0.    0.    0.    0.15 -0.15  0.    0.    0.    0.    0.    0.    0.    0.
  0.    0.    0.    0.    0.    0.    0.    0.    0.    0.    0.    0.    0.
  0.    0.  
 0.    0.    0.    0.    0.15 -0.15  0.    0.    0.    0.    0.    0.    0.
  0.    0.    0.    0.    0.    0.    0.    0.    0.    0.    0.    0.    0.
  0.    0.  
 0.    0.    0.    0.    0.    0.15 -0.15  0.    0.    0.    0.    0.    0.
  0.    0.    0.    0.    0.    0.    0.    0.    0.    0.    0.    0.    0.
  0.    0.  
 0.    0.    0.    0.    0.    0.    0.15 -0.15  0.    0.    0.    0.    0.
  0.    0.    0.    0.    0.    0.    0.    0.    0.    0.    0.    0.    0.
  0.    0.  
 0.    0.    0.    0.    0.    0.    0.    0.15 -0.15  0.    0.    0.    0.
  0.    0.    0.    0.    0.    0.    0.    0.    0.    0.    0.    0.    0.
  0.    0.  
 0.    0.    0.    0.    0.    0.    0.    0.    0.15 -0.15  0.    0.    0.
  0.    0.    0.    0.    0.    0.    0.    0.    0.    0.    0.    0.    0.
  0.    0.  
 0.    0.    0.    0.    0.    0.    0.    0.    0.    0.15 -0.15  0.    0.
  0.    0.    0.    0.    0.    0.    0.    0.    0.    0.    0.    0.    0.
  0.    0.  
 0.    0.    0.    0.    0.    0.    0.    0.    0.    0.    0.15 -0.15
  0.    0.    0.    0.    0.    0.    0.    0.    0.    0.    0.    0.    0.
  0.    0.    0.  
 0.    0.    0.    0.    0.    0.    0.    0.    0.    0.    0.    0.15
 -0.15  0.    0.    0.    0.    0.    0.    0.    0.    0.    0.    0.    0.
  0.    0.    0.  
 0.    0.    0.    0.    0.    0.    0.    0.    0.    0.    0.    0.
  0.15 -0.15  0.    0.    0.    0.    0.    0.    0.    0.    0.    0.    0.
  0.    0.    0.  
 0.    0.    0.    0.    0.    0.    0.    0.    0.    0.    0.    0.    0.
  0.15 -0.15  0.    0.    0.    0.    0.    0.    0.    0.    0.    0.    0.
  0.    0.  
 0.    0.    0.    0.    0.    0.    0.    0.    0.    0.    0.    0.    0.
  0.    0.15 -0.15  0.    0.    0.    0.    0.    0.    0.    0.    0.    0.
  0.    0.  
 0.    0.    0.    0.    0.    0.    0.    0.    0.    0.    0.    0.    0.
  0.    0.    0.15 -0.15  0.    0.    0.    0.    0.    0.    0.    0.    0.
  0.    0.  
 0.    0.    0.    0.    0.    0.    0.    0.    0.    0.    0.    0.    0.
  0.    0.    0.    0.15 -0.15  0.    0.    0.    0.    0.    0.    0.    0.
  0.    0.  
 0.    0.    0.    0.    0.    0.    0.    0.    0.    0.    0.    0.    0.
  0.    0.    0.    0.    0.15 -0.15  0.    0.    0.    0.    0.    0.    0.
  0.    0.  
 0.    0.    0.    0.    0.    0.    0.    0.    0.    0.    0.    0.    0.
  0.    0.    0.    0.    0.    0.15 -0.15  0.    0.    0.    0.    0.    0.
  0.    0.  
 0.    0.    0.    0.    0.    0.    0.    0.    0.    0.    0.    0.    0.
  0.    0.    0.    0.    0.    0.    0.15 -0.15  0.    0.    0.    0.    0.
  0.    0.  
 0.    0.    0.    0.    0.    0.    0.    0.    0.    0.    0.    0.    0.
  0.    0.    0.    0.    0.    0.    0.    0.15 -0.15  0.    0.    0.    0.
  0.    0.  
 0.    0.    0.    0.    0.    0.    0.    0.    0.    0.    0.    0.    0.
  0.    0.    0.    0.    0.    0.    0.    0.    0.15 -0.15  0.    0.    0.
  0.    0.  
 0.    0.    0.    0.    0.    0.    0.    0.    0.    0.    0.    0.    0.
  0.    0.    0.    0.    0.    0.    0.    0.    0.    0.15 -0.15  0.    0.
  0.    0.  
 0.    0.    0.    0.    0.    0.    0.    0.    0.    0.    0.    0.    0.
  0.    0.    0.    0.    0.    0.    0.    0.    0.    0.    0.15 -0.15
  0.    0.    0.  
 0.    0.    0.    0.    0.    0.    0.    0.    0.    0.    0.    0.    0.
  0.    0.    0.    0.    0.    0.    0.    0.    0.    0.    0.    0.15
 -0.15  0.    0.  
 0.    0.    0.    0.    0.    0.    0.    0.    0.    0.    0.    0.    0.
  0.    0.    0.    0.    0.    0.    0.    0.    0.    0.    0.    0.
  0.15 -0.15  0.  
 0.    0.    0.    0.    0.    0.    0.    0.    0.    0.    0.    0.    0.
  0.    0.    0.    0.    0.    0.    0.    0.    0.    0.    0.    0.    0.
  0.15 -0.15
