0.000 606.457
5.000 605.464
10.000 604.471
15.000 604.024
20.000 603.742
25.000 603.450
30.000 603.154
35.000 602.857
40.000 602.561
45.000 602.615
50.000 602.727
55.000 602.815
60.000 602.650
65.000 602.484
70.000 602.415
75.000 602.515
80.000 602.615
85.000 602.714
90.000 602.823
95.000 602.999
100.000 603.176
105.000 603.353
110.000 603.530
115.000 603.801
120.000 604.169
125.000 604.098
130.000 603.734
135.000 603.161
140.000 602.255
145.000 601.856
150.000 601.710
155.000 601.563
160.000 601.441
165.000 601.439
170.000 601.436
175.000 601.433
180.000 601.430
185.000 601.427
190.000 601.424
195.000 601.421
200.000 601.418
205.000 601.415
210.000 601.138
215.000 600.791
220.000 600.243
